object DayFrame: TDayFrame
  Align = Top
  Margins.Left = 20.000000000000000000
  Margins.Top = 20.000000000000000000
  Margins.Right = 20.000000000000000000
  Margins.Bottom = 20.000000000000000000
  Position.X = 20.000000000000000000
  Position.Y = 20.000000000000000000
  Size.Width = 138.000000000000000000
  Size.Height = 417.000000000000000000
  Size.PlatformDefault = False
  TabOrder = 0
end
